§@ªÌ: suhorng (»{¯u) ¯¸¤º: sa072686
¼ÐÃD: Re: [°Q½×] ACM 191 ? (µL¹p)
®É¶¡: 2010/04/18 Sun 10:11:54

«á¨Ó´ú¤FUVa Boardªº´ú¸ê http://online-judge.uva.es/board/viewtopic.php?t=3730

¸ó¥ß¸ÕÅç°O±o­n¹ï½u¬q¥­¦æªº±¡ªp°µ¯S®í³B²z

¨â½u¬q¥­¦æªº¸Ü¡A¥~¿n³£·|¬O 0

¦ý¬O¦]¬°³oÃD "«D³W½d¬Û¥æ" ¤]ºâ¬Û¥æ (¤ñ¦p¥u¥æ©ó¤@ÂI°Õ¡A­«Å|°Õ¡Aetc...)

©Ò¥H­n¯S§O¤p¤ß¡K¡K

¹³§Ú¤§«e¬O§PÂ_¦b¥~¿n[1;37m¦P¸¹[m®É¤~¸õ¥X

¦ý¬O©¿²¤¤F¥i¯à½u¬q¥­¦æ ¦ý¨ä¹ê¨S¦³­«Å|ªº±¡ªp ´NWA¤F¡K¡K

³o¸Ì¦s¤@¥÷¥H§K¤é«á§ä¤£¨ì¡K¡K

¸Ì­±¦³²[»\¤F¤j³¡¤Àªº±¡ªp!

(¥H¤U¬OJoseph Kurniawanµ¹ªº´ú¸ê)

input

68
4 9 11 2 1 1 7 5
11 2 4 9 1 1 7 5
12 12 24 24 19 5 25 17
4 6 15 9 1 1 11 11
19 5 25 17 12 12 24 24
0 18 8 12 1 1 11 11
2 4 4 2 1 1 11 11
-4 9 -11 2 -1 1 -7 5
-11 2 -4 9 -1 1 -7 5
-12 12 -24 24 -19 5 -25 17
-4 6 -15 9 -1 1 -11 11
-19 5 -25 17 -12 12 -24 24
0 18 -8 12 -1 1 -11 11
-2 4 -4 2 -1 1 -11 11
4 -9 11 -2 1 -1 7 -5
11 -2 4 -9 1 -1 7 -5
12 -12 24 -24 19 -5 25 -17
4 -6 15 -9 1 -1 11 -11
19 -5 25 -17 12 -12 24 -24
0 -18 8 -12 1 -1 11 -11
2 -4 4 -2 1 -1 11 -11
-4 -9 -11 -2 -1 -1 -7 -5
-11 -2 -4 -9 -1 -1 -7 -5
-12 -12 -24 -24 -19 -5 -25 -17
-4 -6 -15 -9 -1 -1 -11 -11
-19 -5 -25 -17 -12 -12 -24 -24
0 -18 -8 -12 -1 -1 -11 -11
-2 -4 -4 -2 -1 -1 -11 -11
9 1 9 2 4 3 9 6
9 2 9 1 4 3 9 6
10 3 13 3 4 3 9 6
13 3 10 3 4 3 9 6
10 6 14 6 4 3 9 6
14 6 10 6 4 3 9 6
9 7 9 10 4 3 9 6
9 10 9 7 4 3 9 6
4 7 4 10 4 3 9 6
4 10 4 7 4 3 9 6
0 6 3 6 4 3 9 6
3 6 0 6 4 3 9 6
1 3 3 3 4 3 9 6
3 3 1 3 4 3 9 6
4 0 4 2 4 3 9 6
4 2 4 0 4 3 9 6
5 3 8 5 4 3 9 6
8 5 5 3 4 3 9 6
5 3 8 3 4 3 9 6
8 3 5 3 4 3 9 6
6 4 6 5 4 3 9 6
6 5 6 4 4 3 9 6
4 3 9 6 4 3 9 6
9 6 4 3 4 3 9 6
4 3 5 4 4 3 9 6
5 4 4 3 4 3 9 6
5 3 8 3 4 3 9 6
8 3 5 3 4 3 9 6
5 3 9 3 4 3 9 6
9 3 5 3 4 3 9 6
4 4 4 5 4 3 9 6
4 5 4 4 4 3 9 6
4 3 4 5 4 3 9 6
4 5 4 3 4 3 9 6
4 3 4 6 4 3 9 6
4 6 4 3 4 3 9 6
9 2 9 5 4 3 9 6
9 5 9 2 4 3 9 6
9 2 9 7 4 3 9 6
9 7 9 2 4 3 9 6

output

F
F
F
T
T
F
T
F
F
F
T
T
F
T
F
F
F
T
T
F
T
F
F
F
T
T
F
T
F
F
F
F
F
F
F
F
F
F
F
F
F
F
F
F
T
T
T
T
T
T
T
T
T
T
T
T
T
T
T
T
T
T
T
T
T
T
T
T



--
[1m               [42m¢q[40m¢w¢¡                  ¢~¢w¢w¢w¢w¢w¢w¢w¢¡[m
[1m               ¢x  ¢x[1m¥[mx«[1mn¤@¤[m¤¡D¯[1mÁ¥§¤[mp¯[1m¸[m¡ý[1msony.TFcis.org¢x  ¢x[m
[1m                   ¢¢¢w¢w¢w¢w¢w¢w¢w¢w¢w¢£              ¢¢¢w[42m¢q[m
[1m               by suhorng from [m [1m61.217.33.136 (¤¤·Æ¤@µf)[m

