§@ªÌ: zenixls2 (¤B¤B¥m¥m) ¯¸¤º: sa072686
¼ÐÃD: [ACM] 378
®É¶¡: 2007/10/20 Sat 17:38:14

WA¨â¦¸
«Ü®e©ö²Ê¤ßªºÃD¥Ø
¤£­nµwÀË¬d±×²v¡A¦Ó¥H«Y¼Æ¬Û­¼¨Ó´À¥N
·|¬Ù¤U«Ü¦hÀÉ¤p¼ÆÂIªºcode
Sample Input
8
0 0 1 1 0 1 1 0
0 1 2 1 0 0 2 0
0 1 2 1 1 2 1 3
1 0 1 2 1 1 1 0
0 0 2 0 0 1 2 1
1 2 1 3 0 1 2 1
1 1 1 0 1 0 1 2
-2 -2 2 2 1 -1 -1 1

or

10
0 0 4 4 0 4 4 0
5 0 7 6 1 0 2 3
5 0 7 6 3 -6 4 -3
2 0 2 27 1 5 18 5
0 3 4 0 1 2 2 5
0 0 1 1 0 0 1 1
4 0 6 0 1 2 6 9
1 0 5 0 8 5 4 5
1 0 5 0 5 0 1 0
0 1 0 5 0 5 0 1

´NÀ³¸Ó¥i¥HDe¤E¦¨ªºbug¤F
output¦Û¤v±À

--
[1m               [42m¢q[40m¢w¢¡                  ¢~¢w¢w¢w¢w¢w¢w¢w¢¡[m
[1m               ¢x  ¢x[1m¥[mx«[1mn¤@¤[m¤¡D¯[1mÁ¥§¤[mp¯[1m¸[m¡ý[1msony.TFcis.org¢x  ¢x[m
[1m                   ¢¢¢w¢w¢w¢w¢w¢w¢w¢w¢w¢£              ¢¢¢w[42m¢q[m
[1m               by zenixls2 from [m [1m220.142.104.6 (¤¤·Æ¤@µf)[m

